These are the Spearman's rank correlation coefficients between the PR factors. The statistically insignificant coefficients are omitted (p > 0.05)

Approvals

+0.05  Assignees

+0.13  +0.07  Change_Requests

+0.09  +0.04  +0.14  Changed_Files

+0.03         +0.10  +0.15  Conflicts

+0.04  +0.05  +0.08  +0.10  +0.06  Cross_References

+0.12  +0.16  +0.17  +0.16  +0.15  +0.22  Discussion

+0.42  +0.29  +0.27  +0.41  +0.19  +0.25  +0.58  Events

-0.05  -0.02  -0.07  -0.16  -0.05  -0.04  -0.04  -0.17  Failed_Builds

+0.07  +0.05  +0.08  +0.14  +0.15  +0.17  +0.25  +0.24  -0.06  Fixes

-0.01  -0.04  +0.12  +0.09  +0.09  +0.14  +0.20  +0.14  -0.05  +0.07  Intermission

+0.13  +0.38  +0.06  +0.06  +0.02  +0.07  +0.18  +0.36  -0.05  +0.07  -0.01  Labels

+0.06  +0.03         -0.04  -0.06  -0.01  -0.05  -0.01  -0.51  -0.04  +0.01  +0.08  Last_Build_Status

+0.09  +0.18  +0.16  +0.11  +0.16  +0.18  +0.52  +0.50  -0.01  +0.15  +0.11  +0.16  -0.04  Mentions

+0.12  +0.21  +0.06  +0.02  +0.02  +0.08  +0.05  +0.17  +0.01  +0.08         +0.28  -0.03  +0.07  Milestones

+0.50  +0.13  +0.20  +0.15  +0.17  +0.19  +0.43  +0.58  -0.09  +0.16  +0.23  +0.18         +0.32  +0.15  Participants

+0.12  +0.05  +0.23  +0.53  +0.18  +0.11  +0.19  +0.55  -0.29  +0.15  +0.13  +0.06  -0.02  +0.14  +0.01  +0.25  PR_Commits

+0.74  +0.11  +0.34  +0.24  +0.10  +0.15  +0.28  +0.64  -0.10  +0.13  +0.13  +0.17  +0.04  +0.22  +0.12  +0.58  +0.34  Review_Comments

+0.11  +0.05  +0.06  +0.49  +0.13  +0.11  +0.15  +0.30  -0.07  +0.16  +0.06  +0.05  -0.05  +0.12  +0.02  +0.14  +0.30  0.20  Test_Files
